020101003801202602
020101012701202602
020101012709202602
020101013501202602
020101013509202602
020101014301202602
020101014307202602
020101014309202602
020101016001202602
020101016009202602
020101020801202602
020101020809202602
020101024001202602
020101024007202602
020101024009202602
020101025901202602
020101026701202602
020101026707202602
020101026709202602
020101027503202602
020101027507202602
020101027509202602
020101030501202602
020101030507202602
020101030509202602
020101031301202602
020101031307202602
020101031309202602
020101032101202602
020101032107202602
020101032109202602
020101033001202602
020101033007202602
020101033009202602
020101040201202602
020101040207202602
020101040209202602
020101053401202602
020101053409202602
020101055001202602
020101055009202602
020904003301202602
020904003307202602
020904003309202602
020904005001202602
020904005007202602
020904005009202602
021105009101202602
021105010503202602
021105010507202602
021105010509202602
021105014801202602
030106001003202602
030106001007202602
030106007001202602
030106007003202602
030106007007202602
030106007009202602
030106008803202602
030109001703202602
030109001709202602
030109001713202602
030109002503202602
030109002509202602
030109002513202602
030116002303202602
030116002307202602
030301001003202602
030301001007202602
030301002903202602
030301002907202602
030301003703202602
030301003707202602
030301004503202602
030301004507202602
030301005303202602
030301005307202602
030301006103202602
030301006107202602
030301007003202602
030301007007202602
030301008803202602
030301008807202602
030301009603202602
030301009607202602
030301010003202602
030301010007202602
030301011803202602
030301011807202602
030301012603202602
030301012607202602
030301013403202602
030301013407202602
030301014203202602
030301014207202602
030301015003202602
030301015007202602
030301016903202602
030301016907202602
030301017703202602
030301017707202602
030301018503202602
030301018507202602
030301019303202602
030301019307202602
030301020703202602
030301020707202602
030301021503202602
030301021506202602
030301021507202602
030302003203202602
030302003207202602
030302004003202602
030302004007202602
030302005903202602
030302005907202602
030302006703202602
030302006707202602
030302007503202602
030302007507202602
030302008303202602
030302008307202602
030303001107202602
030303001111202602
030303002003202602
030303002007202602
030303003803202602
030303003807202602
030303004603202602
030303004607202602
030303005403202602
030303005407202602
030303006203202602
030303006207202602
030304001703202602
030304001707202602
030304002503202602
030304002507202602
030304003303202602
030304003307202602
030304004103202602
030304004107202602
030304005003202602
030304005007202602
030304006803202602
030304006807202602
030304007603202602
030304007607202602
030304008401202602
030304008403202602
030304008407202602
030304009201202602
030304009203202602
030304009207202602
030304010603202602
030304010607202602
030304011401202602
030304011403202602
030304011407202602
030304012201202602
030304012203202602
030304012207202602
030304013003202602
030304013007202602
030304014903202602
030304014907202602
030304015703202602
030304015707202602
030304016503202602
030304016507202602
030304017303202602
030304017307202602
030304018103202602
030304019003202602
030304019007202602
030304020303202602
030304020307202602
030304021103202602
030304021107202602
030304022003202602
030304022007202602
030304023803202602
030304023807202602
030304024603202602
030304024607202602
030304025403202602
030304025407202602
030304026203202602
030304026207202602
030304027003202602
030304027007202602
030304028903202602
030304029703202602
030304029707202602
030304030003202602
030305013603202602
030305013607202602
030305014403202602
030305014407202602
030306001803202602
030306001807202602
030306002603202602
030306002607202602
030306003403202602
030306003407202602
030306004203202602
030306004207202602
030306005003202602
030306005007202602
030306006903202602
030306006907202602
030306007703202602
030306007707202602
030306008503202602
030306008507202602
030306009303202602
030306009307202602
030306010703202602
030306010707202602
030306011503202602
030306011507202602
030306012303202602
030306012307202602
030306013103202602
030306013107202602
030306014003202602
030306014007202602
030306015803202602
030306015807202602
030306016603202602
030306016607202602
030306017403202602
030306017407202602
030306018203202602
030306018207202602
030306019003202602
030306019007202602
030306020403202602
030306020407202602
030306021203202602
030306021207202602
030306022001202602
030306022003202602
030306022007202602
030306023903202602
030306023907202602
030306024703202602
030306024707202602
030306025503202602
030306025507202602
030306026303202602
030306026307202602
030306027103202602
030306027107202602
030306028003202602
030306028007202602
030306029803202602
030306029807202602
030306030103202602
030306030107202602
030307006403202602
030307006407202602
030307007203202602
030307007207202602
030307008003202602
030307008007202602
030307009903202602
030307009907202602
030307010203202602
030307010207202602
030307011003202602
030307011007202602
030307012903202602
030307012907202602
030307013701202602
030308004303202602
030308004307202602
030308005103202602
030308005107202602
030308006003202602
030308006007202602
030308007803202602
030308007807202602
030308008603202602
030308008607202602
030308009403202602
030308009407202602
030309013803202602
030309013807202602
030309013809202602
030309019703202602
030309019707202602
030309019709202602
030309023503202602
030309023507202602
030309023509202602
030309031603202602
030309031607202602
030310001002202602
030310001003202602
030310001007202602
030310002802202602
030310002803202602
030310002807202602
030310003602202602
030310003603202602
030310003607202602
030310004402202602
030310004403202602
030310004407202602
030310005202202602
030310005203202602
030310005207202602
030311001503202602
030311001507202602
030311002303202602
030311002307202602
030311003103202602
030311003107202602
030311004003202602
030311004007202602
030311005803202602
030311005807202602
030311006603202602
030311006607202602
030311007403202602
030311007407202602
030311008203202602
030311008207202602
030311009003202602
030311009007202602
030311010403202602
030311010407202602
030311011203202602
030311011207202602
030313001604202602
030313002404202602
030313003204202602
030313004004202602
030313005904202602
030313006704202602
030313007504202602
030313008304202602
030314002003202602
030314002007202602
030314003803202602
030314003807202602
030314004603202602
030314004607202602
030314005403202602
030314005407202602
030314006203202602
030314006207202602
030314007003202602
030314007007202602
030314008903202602
030314008907202602
030314009703202602
030314009707202602
030314010003202602
030314010007202602
030314011903202602
030314011907202602
030314012703202602
030314012707202602
030314013503202602
030314013507202602
030314014303202602
030314014307202602
030314015103202602
030314015107202602
030315001703202602
030315001707202602
030315002503202602
030315002507202602
030315003303202602
030315003307202602
030315004103202602
030315004107202602
030315005003202602
030315005007202602
030315006803202602
030315006807202602
030316001207202602
030316002007202602
030316003907202602
030316004707202602
030316005507202602
030316006307202602
030316007107202602
030317009305202602
030317009307202602
030317010707202602
030317010714202602
030317013102202602
030317013103202602
030317013105202602
030317013107202602
030317013187202602
030317014002202602
030317014003202602
030317014005202602
030317014007202602
030317014087202602
030317015802202602
030317015803202602
030317015805202602
030317015807202602
030317015887202602
030317016602202602
030317016603202602
030317016605202602
030317016607202602
030317016687202602
030317017402202602
030317017403202602
030317017405202602
030317017407202602
030317017487202602
030317018202202602
030317018203202602
030317018205202602
030317018207202602
030317018287202602
030317019005202602
030317019007202602
030317020405202602
030317020407202602
030318001303202602
030318001307202602
030318003003202602
030318003007202602
030318004803202602
030318004807202602
030318005603202602
030318005607202602
030318006403202602
030318006407202602
030318007207202602
030318007210202602
030319001903202602
030319001907202602
030319001908202602
030401011103202602
030401011107202602
030401035903202602
030401035907202602
030401049903202602
030401049907202602
030401059603202602
030401059607202602
030408002003202602
030408002007202602
030408003903202602
030408003907202602
030408003909202602
030408004703202602
030408006303202602
030409001803202602
030409001807202602
030409002603202602
030409002607202602
030409003403202602
030409003407202602
030409004203202602
030409004207202602
030410001303202602
030410001307202602
030410001309202602
030410002103202602
030410002107202602
030501017403202602
030501017407202602
030502001303202602
030502001307202602
030502002103202602
030502002107202602
030502003003202602
030502003007202602
030502004803202602
030502004807202602
030502005603202602
030502005607202602
030701005801202602
030701005803202602
030701005807202602
030701005809202602
030702003701202602
030702003703202602
030702003707202602
030702003709202602
030702004501202602
030702004503202602
030702004507202602
030702004509202602
030702005301202602
030702005303202602
030702005307202602
030702005309202602
030702006101202602
030702006103202602
030702006107202602
030702006109202602
030702008801202602
030702008803202602
030702008807202602
030702008809202602
030702009601202602
030702009603202602
030702009607202602
030702009609202602
030702010001202602
030702010003202602
030702010007202602
030702010009202602
030702011801202602
030702011803202602
030702011807202602
030702011809202602
030703003201202602
030703003203202602
030703003207202602
030703003209202602
030704001101202602
030704001103202602
030704001107202602
030704001109202602
030704006201202602
030704006203202602
030704006207202602
030704006209202602
030704008901202602
030704008903202602
030704008907202602
030704008909202602
030801001901202602
030801001903202602
030801001907202602
030801002703202602
030801002707202602
030801003501202602
030801003503202602
030801003507202602
030801004301202602
030801004303202602
030801004307202602
030802002203202602
030802002207202602
030802003003202602
030802003007202602
030803001003202602
030803001007202602
030803002803202602
030803002807202602
030803003601202602
030803003603202602
030803003607202602
030803003683202602
030804001501202602
030804001503202602
030804001507202602
030804002303202602
030804002307202602
030901003901202602
030901003903202602
030901003907202602
030908001007202602
031001003901202602
031001003902202602
031001003903202602
031001004701202602
031001004702202602
031001004703202602
031001005502202602
040102001001202602
040102001007202602
040102001009202602
040102002901202602
040102002907202602
040102002909202602
040102003701202602
040102003707202602
040102003709202602
040102004501202602
040102004507202602
040102004509202602
040102005301202602
040102005307202602
040102005309202602
040102006101202602
040102006107202602
040102006109202602
040102007001202602
040102007007202602
040102007009202602
040102008801202602
040102008807202602
040102008809202602
040102009601202602
040102009607202602
040102009609202602
040102010001202602
040102010007202602
040102010009202602
040102011801202602
040102011807202602
040102011809202602
040102012601202602
040102012607202602
040102012609202602
040102013401202602
040102013409202602
040102014201202602
040102014207202602
040102014209202602
040102015001202602
040102015007202602
040102015009202602
040102016901202602
040102016907202602
040102016909202602
040201001901202602
040201001907202602
040201002701202602
040201002707202602
040201003501202602
040201003507202602
040201003509202602
040201004301202602
040201004307202602
040201004309202602
040201005101202602
040201005107202602
040202001401202602
040202001407202602
040202002201202602
040202002207202602
040301001201202602
040301001207202602
040301002001202602
040301002007202602
040301003901202602
040301003907202602
040301004701202602
040301004707202602
040301005501202602
040301005507202602
040301006301202602
040301006307202602
040301007101202602
040301007107202602
040301008001202602
040301008007202602
040301008009202602
040301009801202602
040301009807202602
040301010101202602
040301010107202602
040301011001202602
040301011007202602
040301012801202602
040301012807202602
040301013601202602
040301013607202602
040301014401202602
040301014407202602
040301015201202602
040301015207202602
040301016001202602
040301016007202602
040301017901202602
040301017907202602
040301018701202602
040301018707202602
040301019501202602
040301019507202602
040301020901202602
040301020907202602
040301021701202602
040301021707202602
040301022501202602
040301022507202602
040301023301202602
040301023307202602
040301024101202602
040301024107202602
040301025001202602
040301025007202602
040301026801202602
040301026807202602
040301027601202602
040301027607202602
040301028401202602
040301028407202602
040301029201202602
040301029207202602
040301030601202602
040301030607202602
040301031401202602
040301031407202602
040301032201202602
040301032207202602
040301033001202602
040301033007202602
040301034901202602
040301034907202602
040301035701202602
040301035707202602
040301036501202602
040301036507202602
040301039001202602
040301039003202602
040301039007202602
040302001801202602
040302001807202602
040302002601202602
040302002607202602
040302003401202602
040302003407202602
040302004201202602
040302004207202602
040302005001202602
040302005007202602
040302006901202602
040302006907202602
040302007701202602
040302007707202602
040302007709202602
040302008501202602
040302008507202602
040302008509202602
040302009301202602
040302009307202602
040302009309202602
040302010701202602
040302010707202602
040302011501202602
040302011507202602
040302012301202602
040302012307202602
040302012309202602
040302013101202602
040302013107202602
040303001301202602
040303001307202602
040303002101202602
040303002107202602
040303003001202602
040303003007202602
040303004801202602
040303004807202602
040303005601202602
040303005607202602
040303006401202602
040303006407202602
040303008001202602
040303008007202602
040303009901202602
040303009907202602
040303010201202602
040303010207202602
040303011001202602
040303011007202602
040303012901202602
040303012907202602
040303013701202602
040303013707202602
040303014501202602
040303014507202602
040303015301202602
040303015307202602
040303016101202602
040303016107202602
040304001901202602
040304001907202602
040304002701202602
040304002707202602
040304005101202602
040304005107202602
040304006001202602
040304006007202602
040304007801202602
040304007807202602
040304008601202602
040304008607202602
040304009401202602
040304009407202602
040304010801202602
040304010807202602
040304011601202602
040304011607202602
040304012401202602
040304012407202602
040305003001202602
040305003003202602
040305003007202602
040305004901202602
040305004907202602
040305005701202602
040305006501202602
040305006507202602
040305007301202602
040305007307202602
040305009001202602
040305009007202602
040305009009202602
040305010301202602
040305010307202602
040305010309202602
040305011101202602
040305011107202602
040305012001202602
040305012007202602
040305013801202602
040305013807202602
040305014601202602
040305014607202602
040305015401202602
040305015407202602
040305016201202602
040306001001202602
040306001007202602
040306002801202602
040306002807202602
040306003601202602
040306003607202602
040306004401202602
040306004407202602
040306005201202602
040306005207202602
040306006001202602
040306006007202602
040306007901202602
040306007907202602
040306008701202602
040306008707202602
040306009501202602
040306009507202602
040307001501202602
040307004001202602
040307004007202602
040307005801202602
040307005807202602
040307008201202602
040307009001202602
040307010401202602
040307011201202602
040307012001202602
040307013901202602
040307013907202602
040307014701202602
040307014707202602
040307015501202602
040307015507202602
040307016301202602
040307016307202602
040307017101202602
040308001001202602
040308002901202602
040308003701202602
040308004501202602
040308005301202602
040308005307202602
040308006101202602
040308007001202602
040308007007202602
040308008801202602
040308008807202602
040308009601202602
040308009607202602
040308010001202602
040401001601202602
040401001605202602
040401001609202602
040401002401202602
040401002407202602
040401002409202602
040401003201202602
040401003207202602
040401003209202602
040401004001202602
040401004007202602
040401004009202602
040401005901202602
040401005907202602
040401005909202602
040401006701202602
040401006707202602
040401006709202602
040401008301202602
040401008307202602
040401008309202602
040401010501202602
040401010507202602
040401010509202602
040401011301202602
040401011307202602
040401011309202602
040401012101202602
040401012107202602
040401012109202602
040401013001202602
040401013007202602
040401013009202602
040401014801202602
040401014807202602
040401014809202602
040401016401202602
040401016407202602
040401016409202602
040401017201202602
040401017207202602
040401018001202602
040401018007202602
040401019901202602
040401019907202602
040401020201202602
040401020207202602
040401021001202602
040401021007202602
040401021009202602
040401022901202602
040401022907202602
040401022909202602
040401023701202602
040401023707202602
040401023709202602
040401028801202602
040401028807202602
040401028809202602
040401031801202602
040401031807202602
040401031809202602
040401032601202602
040401032607202602
040401032609202602
040401033401202602
040401033407202602
040401033409202602
040401035001202602
040401035007202602
040401035009202602
040401037701202602
040401037707202602
040401037709202602
040401038501202602
040401038507202602
040401038509202602
040401040701202602
040401040707202602
040401040709202602
040401041501202602
040401041507202602
040401041509202602
040401043101202602
040401043107202602
040401045801202602
040401045807202602
040401046601202602
040401046607202602
040401046609202602
040401047401202602
040401047407202602
040401047409202602
040401048201202602
040401048207202602
040401048209202602
040401049001202602
040401049007202602
040401049009202602
040401050401202602
040401050407202602
040401050409202602
040401051201202602
040401051207202602
040401051209202602
040401052001202602
040401052007202602
040401052009202602
040401053901202602
040401053907202602
040401053909202602
040401054701202602
040401054707202602
040401055501202602
040401055507202602
040401055509202602
040401056301202602
040401056309202602
040401057101202602
040401057107202602
040401058001202602
040401058007202602
040401059801202602
040401059807202602
040401060101202602
040401060107202602
040401061001202602
040401061007202602
040401062801202602
040401062807202602
040401063601202602
040401063607202602
040401064401202602
040401064407202602
040401065201202602
040401065207202602
040402001101202602
040402001107202602
040402001109202602
040402003801202602
040402003807202602
040402003809202602
040402004601202602
040402004607202602
040402004609202602
040402006201202602
040402006207202602
040402007001202602
040402007007202602
040402007009202602
040402008901202602
040402008907202602
040402008909202602
040402010001202602
040402010003202602
040402010007202602
040402010009202602
040402011901202602
040402011907202602
040402011909202602
040402013501202602
040402013507202602
040402014301202602
040402014307202602
040402014309202602
040402017801202602
040402017807202602
040402020801202602
040402020807202602
040402020809202602
040402022401202602
040402022407202602
040402023201202602
040402023207202602
040402023209202602
040402024001202602
040402024007202602
040402024009202602
040402027501202602
040402027507202602
040402029101202602
040402029107202602
040402031301202602
040402031307202602
040402031309202602
040402032101202602
040402032107202602
040402032109202602
040402034801202602
040402034807202602
040402034809202602
040402035601202602
040402035607202602
040402035609202602
040402038001202602
040402038007202602
040402039901202602
040402039907202602
040402039909202602
040402042901202602
040402042907202602
040402042909202602
040402045301202602
040402045307202602
040402045309202602
040402046101202602
040402046107202602
040402046109202602
040402047001202602
040402047007202602
040402047009202602
040402048801202602
040402048807202602
040402048809202602
040402049601202602
040402049607202602
040402050001202602
040402050007202602
040402051801202602
040402051807202602
040402051809202602
040402052601202602
040402052607202602
040402053401202602
040402053407202602
040402054201202602
040402054207202602
040402054209202602
040402055001202602
040402055007202602
040402056901202602
040402056907202602
040402056909202602
040402057701202602
040402057707202602
040402057709202602
040402058501202602
040402058507202602
040402059301202602
040402059307202602
040402060701202602
040402060707202602
040402064001202602
040402064007202602
040402064009202602
040402065801202602
040402065807202602
040402065809202602
040402066601202602
040402066607202602
040402066609202602
040402069001202602
040402069007202602
040402070401202602
040402070407202602
040402071201202602
040402071207202602
040402071209202602
040402072001202602
040402072007202602
040402073901202602
040402073907202602
040402077101202602
040402077107202602
040402077109202602
040402078001202602
040402078007202602
040402079801202602
040402079807202602
040402079809202602
040403001701202602
040403001707202602
040403001709202602
040403003301202602
040403003307202602
040403004101202602
040403004107202602
040403004109202602
040403005001202602
040403005007202602
040403005009202602
040403006801202602
040403006807202602
040403006809202602
040403007601202602
040403007607202602
040403007609202602
040403008401202602
040403008407202602
040403008409202602
040403010601202602
040403010607202602
040403010609202602
040403012201202602
040403012207202602
040403012209202602
040403013001202602
040403013007202602
040403013009202602
040403015701202602
040403015707202602
040403015709202602
040403016501202602
040403016507202602
040403016509202602
040403017301202602
040403017307202602
040403017309202602
040403019001202602
040403019007202602
040403019009202602
040403022001202602
040403022007202602
040403022009202602
040403024601202602
040403024607202602
040403024609202602
040403025401202602
040403025407202602
040403025409202602
040403026201202602
040403026207202602
040403026209202602
040403027001202602
040403027007202602
040403027009202602
040403028901202602
040403028907202602
040403029701202602
040403029707202602
040403030001202602
040403030007202602
040403031901202602
040403031907202602
040403031909202602
040403032701202602
040403032707202602
040501001001202602
040501001007202602
040501001009202602
040501002801202602
040501002807202602
040501002809202602
040501003601202602
040501003607202602
040501003609202602
040501007901202602
040501007907202602
040501007909202602
040501008701202602
040501008707202602
040501008709202602
040501011701202602
040501011707202602
040501011709202602
040501012501202602
040501012507202602
040501012509202602
040501013301202602
040501013307202602
040501013309202602
040501015001202602
040501015007202602
040501015009202602
040501017601202602
040501017607202602
040501017609202602
040502001501202602
040502001507202602
040502001509202602
040502002301202602
040502002307202602
040502002309202602
040503001001202602
040503001007202602
040503001009202602
040503002901202602
040503002907202602
040503002909202602
040503007001202602
040503007007202602
040503007009202602
040503009601202602
040503009607202602
040503009609202602
040503011801202602
040503011807202602
040503011809202602
040503013401202602
040503013407202602
040503013409202602
040503014201202602
040503014207202602
040503014209202602
040503016901202602
040503016907202602
040503016909202602
040503017701202602
040503017707202602
040503017709202602
040503018501202602
040503018507202602
040503019301202602
040503019307202602
040503020701202602
040503020707202602
040503020709202602
040504001601202602
040504001607202602
040504001609202602
040504002401202602
040504002407202602
040504002409202602
040504004001202602
040504004007202602
040504004009202602
040504005901202602
040504005907202602
040504005909202602
040504006701202602
040504006707202602
040504006709202602
040504007501202602
040504007507202602
040504007509202602
040504008301202602
040504008307202602
040504008309202602
040504009101202602
040504009107202602
040504009109202602
040504010501202602
040504010507202602
040504010509202602
040504014801202602
040504014807202602
040504014809202602
040504015601202602
040504015607202602
040504015609202602
040504016401202602
040504016407202602
040504016409202602
040504018001202602
040504018007202602
040504020201202602
040504020207202602
040504020209202602
040504021001202602
040504021007202602
040504021009202602
040505001101202602
040505001107202602
040505001109202602
040505004601202602
040505004607202602
040505004609202602
040505005401202602
040505005407202602
040505005409202602
040505009701202602
040505009707202602
040505009709202602
040505010001202602
040505010007202602
040505010009202602
040505011901202602
040505011907202602
040505011909202602
040505013501202602
040505013507202602
040505013509202602
040505014301202602
040505014307202602
040505014309202602
040505015101202602
040505015107202602
040505015109202602
040505018601202602
040505018607202602
040505018609202602
040505021601202602
040505021607202602
040505021609202602
040505022401202602
040505022407202602
040505022409202602
040505023201202602
040505023207202602
040505023209202602
040505031301202602
040505031307202602
040505031309202602
040505032101202602
040505032107202602
040505032109202602
040505035601202602
040505035607202602
040505035609202602
040505037201202602
040505037207202602
040505037209202602
040505038001202602
040505038007202602
040505038009202602
040505039901202602
040505039907202602
040505039909202602
040505040201202602
040505040209202602
040601001301202602
040601001307202602
040601002101202602
040601003001202602
040601004801202602
040601005601202602
040601006401202602
040601007201202602
040601007207202602
040601008001202602
040601009901202602
040601010201202602
040601010207202602
040601011001202602
040601011007202602
040601013701202602
040601013707202602
040601015301202602
040601015307202602
040601016101202602
040601017001202602
040601017007202602
040601018801202602
040601019601202602
040601019607202602
040601020001202602
040601020007202602
040601021801202602
040601021807202602
040601022601202602
040601022607202602
040601023401202602
040601024201202602
040601025001202602
040601025007202602
040601026901202602
040601026907202602
040601027701202602
040601027707202602
040601028501202602
040601028507202602
040601029301202602
040601030701202602
040601031501202602
040601032301202602
040601033101202602
040601033107202602
040601034001202602
040601035801202602
040601036601202602
040601036607202602
040601037401202602
040601037407202602
040601038201202602
040601039001202602
040601039007202602
040601040401202602
040601041201202602
040601041207202602
040601042001202602
040601042007202602
040601043901202602
040601044701202602
040601044707202602
040601045501202602
040601046301202602
040601046307202602
040601047101202602
040601047107202602
040601048001202602
040601049801202602
040601049807202602
040601050101202602
040601051001202602
040601051007202602
040601052801202602
040601052807202602
040601053601202602
040601054401202602
040601055201202602
040601056001202602
040601056007202602
040601056009202602
040601057901202602
040601058701202602
040601058709202602
040601059501202602
040601060901202602
040601061701202602
040601062501202602
040601063301202602
040601063309202602
040601064101202602
040601064107202602
040601064109202602
040601065001202602
040601065009202602
040601066801202602
040601066807202602
040601066809202602
040601067601202602
040601067607202602
040601067609202602
040601068401202602
040601068407202602
040601068409202602
040601069201202602
040601069207202602
040601070601202602
040601071401202602
040601071407202602
040601071409202602
040601073001202602
040601075701202602
040601075707202602
040601076501202602
040601076507202602
040601077301202602
040601077307202602
040601078101202602
040601078107202602
040601079001202602
040601079009202602
040601080301202602
040601080307202602
040601081101202602
040601082001202602
040601082007202602
040601083801202602
040601084601202602
040601085401202602
040601085409202602
040601086201202602
040601086209202602
040601087001202602
040601087009202602
040601088901202602
040601089701202602
040601090001202602
040601090007202602
040601091901202602
040601091907202602
040601091909202602
040601092701202602
040601093501202602
040601094301202602
040601095101202602
040601096001202602
040601096003202602
040601096007202602
040601097801202602
040601097803202602
040601097807202602
040601098601202602
040601099401202602
040601100101202602
040601100109202602
040601101001202602
040601101009202602
040601102801202602
040601102809202602
040601103601202602
040601103609202602
040601104401202602
040601104407202602
040601104409202602
040601105201202602
040601105209202602
040601107901202602
040601108701202602
040601108709202602
040601109501202602
040601109509202602
040601110901202602
040601110909202602
040601111701202602
040601111709202602
040601112501202602
040601112509202602
040601113301202602
040601113307202602
040601113309202602
040601114101202602
040601114109202602
040601115001202602
040601115007202602
040601115009202602
040601116801202602
040601116809202602
040601117601202602
040601117609202602
040601118401202602
040601118409202602
040601119201202602
040601119209202602
040601120601202602
040601121401202602
040601121407202602
040601122201202602
040601122207202602
040601123001202602
040601124901202602
040601125701202602
040601126501202602
040601126507202602
040601127301202602
040601127307202602
040601128101202602
040601128107202602
040601129001202602
040601129007202602
040601130301202602
040601130307202602
040601131101202602
040601131107202602
040601132001202602
040601132007202602
040601133801202602
040601133807202602
040601134601202602
040601134607202602
040601135401202602
040601135407202602
040601136201202602
040601136207202602
040601137001202602
040601137007202602
040601138901202602
040601138907202602
040601139701202602
040601139707202602
040601140001202602
040601140007202602
040601141901202602
040601141907202602
040601142701202602
040601142707202602
040601143501202602
040601143507202602
040601144301202602
040601144307202602
040601145101202602
040601145107202602
040601146001202602
040601146007202602
040601147801202602
040601147807202602
040601148601202602
040601148607202602
040601149401202602
040601149407202602
040601150801202602
040601150807202602
040601151601202602
040601151607202602
040602001901202602
040602001907202602
040602002701202602
040602002707202602
040602003501202602
040602003507202602
040602004301202602
040602004307202602
040602005101202602
040602005107202602
040602007801202602
040602007807202602
040602007809202602
040602010801202602
040602011601202602
040602011607202602
040602011609202602
040602012401202602
040602012407202602
040602015901202602
040602015907202602
040602015909202602
040602016701202602
040602016707202602
040602016709202602
040602019101202602
040602019107202602
040602021301202602
040602022101202602
040602023001202602
040602024801202602
040602024807202602
040602025601202602
040602025607202602
040602026401202602
040602026407202602
040602027201202602
040602027207202602
040602028001202602
040602028007202602
040602030201202602
040602030207202602
040602031001202602
040602031007202602
040602032901202602
040602032907202602
040602033701202602
040602033707202602
040602034501202602
040602034507202602
040602035301202602
040602035307202602
040602036101202602
040602036107202602
040602037001202602
040602037007202602
040602038801202602
040602038807202602
040602039601202602
040602039607202602
040602040001202602
040602040007202602
040602041801202602
040602041807202602
040602042601202602
040602042607202602
040602043401202602
040602043407202602
040602044201202602
040602044207202602
040602045001202602
040602046901202602
040602046907202602
040602047701202602
040602047707202602
040602048501202602
040602048507202602
040602049301202602
040602049307202602
040602050701202602
040602050707202602
040602051501202602
040602051507202602
040602052301202602
040602053101202602
040602053107202602
040602054001202602
040602054007202602
040602055801202602
040602055807202602
040602056601202602
040602056607202602
040602056609202602
040602057401202602
040602057407202602
040602057409202602
040602058201202602
040602058207202602
040602059001202602
040602059007202602
040602060401202602
040602060407202602
040602060409202602
040602062001202602
040602062003202602
040602062007202602
040602062009202602
040603001401202602
040603002201202602
040603003001202602
040603004901202602
040603005701202602
040603005707202602
040603006501202602
040603007301202602
040603008101202602
040603008107202602
040603009001202602
040603009007202602
040603010301202602
040603010307202602
040603011101202602
040603011107202602
040603012001202602
040603012007202602
040603013801202602
040603013807202602
040603014601202602
040603014607202602
040603015401202602
040603015407202602
040603016201202602
040604001001202602
040604001007202602
040604002801202602
040604002807202602
040604004401202602
040604004407202602
040604005201202602
040604005207202602
040604006001202602
040604006007202602
040604007901202602
040604007907202602
040604008701202602
040604009501202602
040604010901202602
040604010907202602
040604011701202602
040604011707202602
040604012501202602
040604012507202602
040604013301202602
040604014101202602
040604014107202602
040604015001202602
040604016801202602
040604017601202602
040604018401202602
040604019201202602
040604019207202602
040604020601202602
040604020607202602
040604020609202602
040604021401202602
040604021407202602
040604022201202602
040604022207202602
040604023001202602
040604023007202602
040604024901202602
040604024907202602
040604025701202602
040604025707202602
040604025709202602
040604026501202602
040604026507202602
040604027301202602
040604027307202602
040604027309202602
040604028101202602
040604029001202602
040604029007202602
040604029009202602
040604030301202602
040604030307202602
040604030309202602
040604031101202602
040604031107202602
040604031109202602
040604032001202602
040604032007202602
040604033801202602
040604033807202602
040605001501202602
040605001507202602
040605001509202602
040605002301202602
040605002307202602
040605002309202602
040605003101202602
040605003107202602
040605003109202602
040605004001202602
040605004007202602
040605004009202602
040605005801202602
040605005807202602
040605005809202602
040605006601202602
040605006607202602
040605006609202602
040605007401202602
040605007407202602
040605007409202602
040605008201202602
040605008207202602
040605008209202602
040605009001202602
040605009007202602
040605010401202602
040605010407202602
040605011201202602
040605012001202602
040605012007202602
040605012009202602
040605013901202602
040605013907202602
040605013909202602
040701001701202602
040701001707202602
040701003301202602
040701003307202602
040701004101202602
040701005001202602
040701005007202602
040701006801202602
040701006807202602
040701007601202602
040701008401202602
040701008407202602
040701009201202602
040701009207202602
040701010601202602
040701010607202602
040701011401202602
040701011407202602
040701012201202602
040701013001202602
040701014901202602
040701015701202602
040701015707202602
040701016501202602
040701016507202602
040701017301202602
040701018101202602
040701019001202602
040701019007202602
040701020301202602
040701020307202602
040701021101202602
040701021107202602
040701021109202602
040701022001202602
040701022007202602
040701022009202602
040701023801202602
040701023807202602
040701027001202602
040701027007202602
040701028901202602
040701029701202602
040701029707202602
040701030001202602
040701033501202602
040701033507202602
040701034301202602
040701034307202602
040701035101202602
040701035107202602
040701036001202602
040701037801202602
040701038601202602
040702001201202602
040702002001202602
040702003901202602
040702003907202602
040702004701202602
040702004707202602
040702006301202602
040702006307202602
040702007101202602
040702007107202602
040702008001202602
040702008007202602
040702009801202602
040702009807202602
040702010101202602
040702010107202602
040702011001202602
040702011007202602
040702011009202602
040702013601202602
040702013607202602
040702013609202602
040702014401202602
040702014407202602
040702014409202602
040702015201202602
040702015207202602
040702017901202602
040702017907202602
040702018701202602
040702018707202602
040702019501202602
040702019507202602
040702020901202602
040702020907202602
040702021701202602
040702021709202602
040702022501202602
040702022507202602
040702022509202602
040702023301202602
040702023307202602
040702024101202602
040702024107202602
040702025001202602
040702025007202602
040702026801202602
040702026807202602
040702026809202602
040702027601202602
040702027607202602
040702027609202602
040702028401202602
040702028407202602
040702028409202602
040702029201202602
040702029207202602
040702030601202602
040702030607202602
040702032201202602
040702032207202602
040702032209202602
040702033001202602
040702034901202602
040702035701202602
040702036501202602
040702036507202602
040702038101202602
040702038107202602
040702040301202602
040702040307202602
040702041101202602
040702041107202602
040702042001202602
040702042007202602
040702043801202602
040702043807202602
040702044601202602
040702044607202602
040702045401202602
040702045407202602
040702045409202602
040702046201202602
040702046207202602
040702047001202602
040702047007202602
040702047009202602
040703001801202602
040703001807202602
040703002601202602
040703002607202602
040703003401202602
040703003407202602
040703003409202602
040703004201202602
040703004207202602
040703005001202602
040703005007202602
040703006901202602
040703006907202602
040703007701202602
040703007707202602
040703007709202602
040703012301202602
040703012307202602
040703013101202602
040703013107202602
040703014001202602
040703014007202602
040703015801202602
040703015807202602
040703016601202602
040703016607202602
040703017401202602
040703017407202602
040703018201202602
040703018207202602
040703019001202602
040703019007202602
040703020401202602
040703021201202602
040703022001202602
040703024701202602
040703025501202602
040703025507202602
040704001301202602
040704001307202602
040704002101202602
040704002107202602
040704003001202602
040704003007202602
040704004801202602
040704004807202602
040704005601202602
040704005607202602
040704006401202602
040704006407202602
040704006409202602
040704007201202602
040704007207202602
040704007209202602
040704008001202602
040704008007202602
040704008009202602
040704009901202602
040704009907202602
040704009909202602
040704010201202602
040704010207202602
040704010209202602
040704011001202602
040704011007202602
040704011009202602
040704012901202602
040704012907202602
040704012909202602
040704013701202602
040704013707202602
040704013709202602
040704014501202602
040704014507202602
040704014509202602
040704015301202602
040704015307202602
040704015309202602
040704016101202602
040704016107202602
040704017001202602
040704017007202602
040704017009202602
040704018801202602
040704018807202602
040704020001202602
040704020007202602
040704022601202602
040704022607202602
040704022609202602
040704023401202602
040704023407202602
040704024201202602
040704024207202602
040704025001202602
040704025007202602
040704026901202602
040704026907202602
040801001001202602
040801001007202602
040801002901202602
040801002907202602
040801003701202602
040801003707202602
040801004501202602
040801005301202602
040801006101202602
040801007001202602
040801007007202602
040801008801202602
040801008807202602
040801009601202602
040801009607202602
040801009609202602
040801010001202602
040801010007202602
040801010009202602
040801011801202602
040801011807202602
040801011809202602
040801013401202602
040801013407202602
040801013409202602
040801014201202602
040801014207202602
040801014209202602
040801015001202602
040801015007202602
040801015009202602
040801016901202602
040801016907202602
040801017701202602
040801017707202602
040801018501202602
040801018507202602
040801018509202602
040801019301202602
040801019307202602
040801020701202602
040801020707202602
040801020709202602
040801021501202602
040801021509202602
040801022301202602
040801022307202602
040801022309202602
040801023101202602
040801023109202602
040802001601202602
040802001607202602
040802002401202602
040802002407202602
040802003201202602
040802003207202602
040802004001202602
040802005901202602
040802006701202602
040802007501202602
040802008301202602
040802009101202602
040802010501202602
040802010507202602
040802010509202602
040802011301202602
040802011307202602
040802012101202602
040802012107202602
040802012109202602
040802013001202602
040802013007202602
040802014801202602
040802014807202602
040802014809202602
040802015601202602
040802015607202602
040802016401202602
040802016407202602
040802016409202602
040802017201202602
040802017207202602
040802017209202602
040802018001202602
040802018007202602
040802018009202602
040802019901202602
040802019907202602
040802019909202602
040802020201202602
040802020207202602
040802020209202602
040802021001202602
040802021007202602
040802022901202602
040802022907202602
040802022909202602
040802024501202602
040802024507202602
040802024509202602
040802025301202602
040802025307202602
040802026101202602
040802026107202602
040802027001202602
040802027007202602
040802028801202602
040802028807202602
040802029601202602
040802029607202602
040802029609202602
040802030001202602
040802030007202602
040802030009202602
040802031801202602
040802031807202602
040802031809202602
040802032601202602
040802032607202602
040802032609202602
040802033401202602
040802033407202602
040802034201202602
040802034207202602
040802034209202602
040802035001202602
040802035007202602
040802036901202602
040802036907202602
040802037701202602
040802037707202602
040802037709202602
040802038501202602
040802038507202602
040802039301202602
040802039307202602
040802040701202602
040802040707202602
040802041501202602
040802041507202602
040802042301202602
040802042307202602
040802043101202602
040802043107202602
040802044001202602
040802044007202602
040802044009202602
040802045801202602
040802045807202602
040802046601202602
040802046607202602
040802047401202602
040802047407202602
040802047409202602
040802048201202602
040802048207202602
040802048209202602
040802049001202602
040802049007202602
040802049009202602
040802050401202602
040802050407202602
040802050409202602
040802051201202602
040802051207202602
040802051209202602
040802052001202602
040802052007202602
040802052009202602
040802053901202602
040802053907202602
040802053909202602
040802054701202602
040802054707202602
040802055501202602
040802055507202602
040802055509202602
040802056301202602
040802056307202602
040802057101202602
040802057107202602
040802058001202602
040802058007202602
040802059801202602
040802059807202602
040802059809202602
040802060101202602
040802060107202602
040802060109202602
040802061001202602
040802061007202602
040802061009202602
040802062801202602
040802062807202602
040802062809202602
040802063601202602
040802063607202602
040802063609202602
040802064401202602
040802064407202602
040802064409202602
040803001101202602
040803001107202602
040803002001202602
040803002007202602
040803003801202602
040803003807202602
040803004601202602
040803005401202602
040803005407202602
040803006201202602
040803006207202602
040803007001202602
040803007007202602
040803008901202602
040803008907202602
040803009701202602
040803009707202602
040803010001202602
040803010007202602
040803011901202602
040803011907202602
040803012701202602
040803012707202602
040803013501202602
040803014301202602
040803015101202602
040803016001202602
040803017801202602
040803017807202602
040803018601202602
040803019401202602
040803020801202602
040803021601202602
040803022401202602
040803023201202602
040803023207202602
040803024001202602
040803024007202602
040803025901202602
040803025907202602
040803026701202602
040803026707202602
040803027501202602
040803027507202602
040803028301202602
040803028307202602
040803029101202602
040803029107202602
040803030501202602
040803030507202602
040803031301202602
040803031307202602
040803032101202602
040803032107202602
040803033001202602
040803033007202602
040803034801202602
040803034807202602
040803035601202602
040803036401202602
040803036407202602
040803037201202602
040803037207202602
040803038001202602
040803038007202602
040803039901202602
040803039907202602
040803040201202602
040803040207202602
040803041001202602
040803041007202602
040803042901202602
040803042907202602
040803043701202602
040803043707202602
040803044501202602
040803044507202602
040803045301202602
040803045307202602
040803046101202602
040803046107202602
040803047001202602
040803047007202602
040803050001202602
040803050007202602
040803051801202602
040803051807202602
040803052601202602
040803052607202602
040803053401202602
040803053407202602
040803054201202602
040803054207202602
040803055001202602
040803055007202602
040803056901202602
040803056907202602
040803057701202602
040803057707202602
040803058501202602
040803058507202602
040803059301202602
040803059307202602
040803060701202602
040803060707202602
040803061501202602
040803061507202602
040803062301202602
040803062307202602
040803063101202602
040803063107202602
040803064001202602
040803064007202602
040803065801202602
040803065807202602
040803066601202602
040803066607202602
040803067401202602
040803067407202602
040803068201202602
040803068207202602
040803069001202602
040803069007202602
040803070401202602
040803071201202602
040803071207202602
040803072001202602
040803072007202602
040803073901202602
040803073907202602
040803074701202602
040803074707202602
040803075501202602
040803075507202602
040803075509202602
040803076301202602
040803076307202602
040803077101202602
040803077107202602
040803078001202602
040803079801202602
040803080101202602
040803080107202602
040803081001202602
040803081007202602
040803082801202602
040803082807202602
040803083601202602
040803083607202602
040803084401202602
040803084407202602
040803085201202602
040803085207202602
040803086001202602
040803086007202602
040803087901202602
040803087907202602
040803088701202602
040803088707202602
040803089501202602
040803089507202602
040803090901202602
040803090907202602
040803091701202602
040803091707202602
040804001701202602
040804001707202602
040804002501202602
040804002507202602
040804003301202602
040804003307202602
040804004101202602
040804004107202602
040804005001202602
040804006801202602
040804007601202602
040804008401202602
040804009201202602
040804010601202602
040804010607202602
040804011401202602
040804011407202602
040804012201202602
040804012207202602
040804013001202602
040804013007202602
040804014901202602
040804014907202602
040804015701202602
040804015707202602
040804016501202602
040804016507202602
040804017301202602
040804017307202602
040804018101202602
040804018107202602
040804018109202602
040804019001202602
040804019007202602
040804019009202602
040804020301202602
040804020307202602
040804022001202602
040804022007202602
040804023801202602
040804023807202602
040804024601202602
040804024607202602
040804025401202602
040804025407202602
040804026201202602
040804026207202602
040804027001202602
040804027007202602
040804028901202602
040804028907202602
040804029701202602
040804029707202602
040804030001202602
040804030007202602
040804031901202602
040804031907202602
040804032701202602
040804032707202602
040804033501202602
040804033507202602
040804034301202602
040804034307202602
040805001201202602
040805001207202602
040805002001202602
040805002007202602
040805003901202602
040805003907202602
040805004701202602
040805004707202602
040805005501202602
040805006301202602
040805007101202602
040805008001202602
040805008007202602
040805010101202602
040805010107202602
040805011001202602
040805011007202602
040805012801202602
040805012807202602
040805013601202602
040805013607202602
040805014401202602
040805014407202602
040805014409202602
040805015201202602
040805015207202602
040805016001202602
040805016007202602
040805016009202602
040805017901202602
040805017907202602
040805019501202602
040805019507202602
040805019509202602
040805020901202602
040805020907202602
040805020909202602
040805021701202602
040805021707202602
040805021709202602
040805022501202602
040805022507202602
040805022509202602
040805023301202602
040805023307202602
040805024101202602
040805024107202602
040805024109202602
040805025001202602
040805025007202602
040805025009202602
040805026801202602
040805026807202602
040805026809202602
040805027601202602
040805027607202602
040805027609202602
040805028401202602
040805028407202602
040805028409202602
040805029201202602
040805029207202602
040805029209202602
040805030601202602
040805030607202602
040805031401202602
040805031407202602
040805032201202602
040805032207202602
040805032209202602
040805033001202602
040805033007202602
040805034901202602
040805034907202602
040805034909202602
040805035701202602
040805035707202602
040805035709202602
040805036501202602
040805036507202602
040805037301202602
040805037307202602
040805037309202602
040805038101202602
040805038107202602
040805039001202602
040805039007202602
040805039009202602
040805040301202602
040805041101202602
040805041107202602
040805042001202602
040805042007202602
040805043801202602
040805043807202602
040805044601202602
040805044607202602
040805044609202602
040805045401202602
040805045407202602
040805046201202602
040805046207202602
040805047001202602
040805047007202602
040805048901202602
040805048907202602
040805049701202602
040805049707202602
040805050001202602
040805050007202602
040805051901202602
040805051907202602
040805052701202602
040805052707202602
040805053501202602
040805053507202602
040805054301202602
040805054307202602
040805055101202602
040805055107202602
040805056001202602
040805056007202602
040805057801202602
040805057807202602
040805058601202602
040805058607202602
040805059401202602
040805059407202602
040805060801202602
040805060807202602
040805061601202602
040805061607202602
040805062401202602
040805062407202602
040805063201202602
040805063207202602
040805064001202602
040805064007202602
040805064009202602
040805065901202602
040805065907202602
040805065909202602
040805066701202602
040805066709202602
040805067501202602
040805067507202602
040805068301202602
040805068307202602
040805069101202602
040805069107202602
040805069109202602
040805070501202602
040805070507202602
040805071301202602
040805071307202602
040805072101202602
040805072107202602
040805073001202602
040805073007202602
040805073009202602
040805074801202602
040805074807202602
040805074809202602
040805075601202602
040805075607202602
040805075609202602
040805076401202602
040805076407202602
040805076409202602
040805077201202602
040805077207202602
040805078001202602
040805078007202602
040805079901202602
040805079907202602
040805080201202602
040805080207202602
040805081001202602
040805081007202602
040805082901202602
040805082907202602
040805082909202602
040805083701202602
040805083707202602
040805084501202602
040805084507202602
040805085301202602
040805085307202602
040805086101202602
040805086107202602
040805087001202602
040805087007202602
040805088801202602
040805088807202602
040805088809202602
040805089601202602
040805089607202602
040805089609202602
040805090001202602
040805091801202602
040805091807202602
040805091809202602
040805092601202602
040805092607202602
040805092609202602
040806001801202602
040806001807202602
040806001809202602
040806002601202602
040806002607202602
040806003401202602
040806003407202602
040806004201202602
040806004207202602
040806004209202602
040806005001202602
040806005007202602
040806005009202602
040806006901202602
040806006907202602
040806007701202602
040806007707202602
040806008501202602
040806008507202602
040806008509202602
040806009301202602
040806009307202602
040806010701202602
040806010707202602
040806011501202602
040806011507202602
040806011509202602
040806012301202602
040806012307202602
040806012309202602
040806013101202602
040806013107202602
040806013109202602
040806014001202602
040806014007202602
040806014009202602
040806015801202602
040806015807202602
040806015809202602
040806016601202602
040806016607202602
040806017401202602
040806017407202602
040806018201202602
040806018207202602
040806019001202602
040806019007202602
040806020401202602
040806020407202602
040806020409202602
040806021201202602
040806021207202602
040806021209202602
040806023901202602
040806023907202602
040806024701202602
040806024707202602
040806025501202602
040806025507202602
040806026301202602
040806026307202602
040806027101202602
040806027107202602
040806028001202602
040806028007202602
040806029801202602
040806029807202602
040806029809202602
040806030101202602
040806030107202602
040806030109202602
040806031001202602
040806031007202602
040806031009202602
040806032801202602
040806032807202602
040806032809202602
040806033601202602
040806033607202602
040806033609202602
040806034401202602
040806034407202602
040806034409202602
040806035201202602
040806035207202602
040806035209202602
040806036001202602
040806036007202602
040806036009202602
040806037901202602
040806037907202602
040806037909202602
040806038701202602
040806038707202602
040806039501202602
040806039507202602
040806039509202602
040806040901202602
040806040907202602
040806040909202602
040806041701202602
040806041707202602
040806041709202602
040806042501202602
040806042507202602
040806042509202602
040806043301202602
040806043307202602
040806043309202602
040806044101202602
040806044107202602
040806044109202602
040806045001202602
040806045007202602
040806045009202602
040806046801202602
040806046807202602
040806046809202602
040806047601202602
040806047607202602
040806047609202602
040806048401202602
040806048407202602
040806048409202602
040806049201202602
040806049207202602
040806050601202602
040806050607202602
040806051401202602
040806051407202602
040806052201202602
040806052207202602
040806053001202602
040806053007202602
040806053009202602
040806054901202602
040806054907202602
040806054909202602
040806055701202602
040806055707202602
040806056501202602
040806056507202602
040806056509202602
040806057301202602
040806057307202602
040806057309202602
040806058101202602
040806058107202602
040806058109202602
040806059001202602
040806059007202602
040806060301202602
040806060307202602
040806060309202602
040806061101202602
040806062001202602
040806062007202602
040806063801202602
040806063807202602
040806063809202602
040806064601202602
040806064607202602
040806066201202602
040806066207202602
040806067001202602
040806067007202602
040806067009202602
040806069701202602
040806069707202602
040806070001202602
040806070007202602
040806070009202602
040901001401202602
040901001407202602
040901002201202602
040901002207202602
040901003001202602
040901003007202602
040901004901202602
040901004907202602
040901005701202602
040901005707202602
040901006501202602
040901006507202602
040901006509202602
040901007301202602
040901007307202602
040901008101202602
040901008107202602
040901009001202602
040901009007202602
040901009009202602
040901012001202602
040901012007202602
040901012009202602
040901013801202602
040901013807202602
040901014601202602
040901014607202602
040901014609202602
040901017001202602
040901017007202602
040901017009202602
040901018901202602
040901018907202602
040901019701202602
040901019707202602
040901020001202602
040901020007202602
040901021901202602
040901022701202602
040901022707202602
040901023501202602
040901023507202602
040901024301202602
040901024307202602
040901025101202602
040901025107202602
040901026001202602
040901026007202602
040901028601202602
040901028607202602
040901029401202602
040901029407202602
040901030801202602
040901030807202602
040901031601202602
040901031607202602
040901032401202602
040901032407202602
040901033201202602
040901033207202602
040901034001202602
040901034007202602
040901036701202602
040901036707202602
040901037501202602
040901037507202602
040901037509202602
040901038301202602
040901038307202602
040901038309202602
040901039101202602
040901039107202602
040901039109202602
040901040501202602
040901040507202602
040901041301202602
040901041307202602
040901043001202602
040901043007202602
040901043009202602
040901045601202602
040901045607202602
040901046401202602
040901046407202602
040901047201202602
040901047207202602
040901048001202602
040901048007202602
040901048009202602
040901049901202602
040901050201202602
040901050207202602
040901051001202602
040901051007202602
040901051009202602
040901052901202602
040901052907202602
040901053701202602
040901053707202602
040901054501202602
040901054507202602
040901055301202602
040901055307202602
040901056101202602
040901056107202602
040901057001202602
040901057007202602
040901058801202602
040901058807202602
040901059601202602
040901059607202602
040901059609202602
040902001001202602
040902001007202602
040902001009202602
040902002801202602
040902002807202602
040902002809202602
040902004401202602
040902004407202602
040902004409202602
040902005201202602
040902005207202602
040902007901202602
040902007907202602
040902007909202602
040902008701202602
040902008707202602
040902008709202602
040902009501202602
040902009507202602
040902009509202602
040902010901202602
040902010907202602
040902010909202602
040902012501202602
040902012507202602
040902012509202602
040902013301202602
040902013307202602
040902013309202602
040902014101202602
040902014107202602
040902014109202602
040902015001202602
040902015007202602
040902015009202602
040902016801202602
040902016807202602
040902016809202602
040902017601202602
040902017607202602
040902017609202602
040903001501202602
040903001509202602
040903002301202602
040903003101202602
040903004001202602
040904001001202602
040904001007202602
040904001009202602
040904003701202602
040904003707202602
040904003709202602
040904004501202602
040904004507202602
040904005301202602
040904005307202602
040904005309202602
040904007001202602
040904007007202602
040904007009202602
040904008801202602
040904008807202602
040904008809202602
040904009601202602
040904009607202602
040904009609202602
040904011801202602
040904011807202602
040904011809202602
040904012601202602
040904012607202602
040904012609202602
040904013401202602
040904013407202602
040904013409202602
040904014201202602
040904014209202602
040904015001202602
040904015007202602
040904015009202602
040904016901202602
040904016907202602
040904016909202602
040904017701202602
040904017707202602
040904017709202602
040904018501202602
040904018507202602
040904018509202602
040904019301202602
040904019307202602
040904019309202602
040904020701202602
040904020707202602
040904020709202602
040904021501202602
040904021507202602
040904021509202602
040904022301202602
040904022309202602
040904023101202602
040904023107202602
040904023109202602
040904024001202602
040904024009202602
040905001601202602
040905001607202602
040905002401202602
040905002407202602
040905002409202602
040905003201202602
040905003209202602
040905004001202602
040905004007202602
040905004009202602
040905007501202602
040905007507202602
040905007509202602
040905008301202602
040905008307202602
040905008309202602
040905009101202602
040905009107202602
040905009109202602
040905010501202602
040905010507202602
040905010509202602
040905011301202602
040905011307202602
040905011309202602
040905013001202602
040905014801202602
040905016401202602
040906001101202602
040906001102202602
040906001107202602
040906001109202602
040906002001202602
040906003801202602
040906003809202602
040906004601202602
040906004607202602
040906004609202602
040906005401202602
040906005402202602
040906005409202602
040906007001202602
040906007002202602
040906007009202602
040906010001202602
040906010007202602
040906011901202602
040906011907202602
040906012701202602
040906012707202602
040906013501202602
040906013507202602
040906014301202602
040906014307202602
040906015101202602
040906015107202602
040906016001202602
040906016007202602
040906017801202602
040906017807202602
040906017809202602
040906018601202602
040906018609202602
040906019401202602
040906019407202602
040906019409202602
040906020801202602
040906020807202602
040906020809202602
040906021601202602
040906021607202602
040906021609202602
040906022401202602
040906022407202602
040906022409202602
040906023201202602
040906023202202602
040906023207202602
040906023209202602
040906024001202602
040906024002202602
040906024007202602
040906024009202602
040906025901202602
040906025902202602
040906025907202602
040906025909202602
040906026701202602
040906026702202602
040906026707202602
040906026709202602
040906027501202602
040906027507202602
040906027509202602
040906028301202602
040906028307202602
040906029101202602
040906031301202602
040906031302202602
040907001701202602
040907001709202602
040907002501202602
040907002509202602
040907003301202602
040907003309202602
040907004101202602
040907004109202602
040907005001202602
040907006801202602
040907006809202602
040907007601202602
040907007609202602
040907008401202602
040907008409202602
040907009201202602
040907009207202602
040907009209202602
040907010601202602
040907010607202602
040907010609202602
040907011401202602
040907011407202602
040907013001202602
040907013007202602
040907013009202602
040907014901202602
040907014907202602
040907014909202602
040907015701202602
040907015707202602
040907015709202602
040907019001202602
040907019009202602
040907020301202602
040907021101202602
040907021107202602
040907022001202602
040907022007202602
040907022009202602
040907023801202602
040907023807202602
040907024601202602
040907024607202602
040907025401202602
040907025407202602
040907026201202602
040907026207202602
040907026209202602
040907027001202602
040907027009202602
040907028901202602
040907028907202602
040907028909202602
040907029701202602
040907030001202602
040907030009202602
040907031901202602
041001001401202602
041001001407202602
041001001409202602
041001005701202602
041001006501202602
041001006507202602
041001006509202602
041001007301202602
041001007307202602
041001007309202602
041001008101202602
041001008107202602
041001008109202602
041001009001202602
041001009009202602
041001011101202602
041001011107202602
041001011109202602
041001012001202602
041001012007202602
041001013801202602
041001014601202602
041001015401202602
041001016201202602
041001019701202602
041001020001202602
041001021901202602
041101001801202602
041101001802202602
041101001809202602
041101002601202602
041101002602202602
041101003401202602
041101003402202602
041101004201202602
041101004202202602
041101005001202602
041101005002202602
041101005009202602
041101007701202602
041101007702202602
041101007709202602
041101008501202602
041101008502202602
041102001301202602
041102001302202602
041102001309202602
041102002101202602
041102002102202602
041102002109202602
041102003001202602
041102003002202602
041102004801202602
041102004802202602
041201001101202602
041201001107202602
041201002001202602
041201002007202602
041201003801202602
041201003807202602
041201003809202602
041201004601202602
041201004607202602
041201004609202602
041201007001202602
041201007007202602
041201008901202602
041201008907202602
041201009701202602
041201009707202602
041201010001202602
041201010007202602
041201011901202602
041201011907202602
041201013501202602
041201013507202602
041201014301202602
041201014307202602
041202001701202602
041202001707202602
041202002501202602
041202002507202602
041202003301202602
041202003307202602
041202005001202602
041202005007202602
041202006801202602
041202006807202602
041202007601202602
041202007607202602
041202008401202602
041202008407202602
041203001201202602
041203001207202602
041203004701202602
041203004707202602
041203008001202602
041203008007202602
041203009801202602
041203009807202602
041203009809202602
041203010101202602
041203010107202602
041203011001202602
041203011007202602
041204001801202602
041204001807202602
041204001809202602
041204002601202602
041204002607202602
041204003401202602
041204003407202602
041204004201202602
041204004207202602
041204005001202602
041204005007202602
041204006901202602
041204006907202602
041204008501202602
041204008507202602
041204008509202602
041204010701202602
041204010707202602
041204011501202602
041204011507202602
041204012301202602
041204012307202602
041204013101202602
041204013107202602
041204015801202602
041204015807202602
041204016601202602
041204016607202602
041204017401202602
041204017407202602
041204018201202602
041204018207202602
041204019001202602
041204019007202602
041204020401202602
041204020407202602
041204021201202602
041204021207202602
041204022001202602
041204022007202602
041204022009202602
041205001301202602
041205001307202602
041205003001202602
041205003007202602
041205004801202602
041205004807202602
041205006401202602
041205006407202602
041205007201202602
041205007207202602
041205008001202602
041205008007202602
041205010201202602
041205010207202602
041205011001202602
041205011007202602
041205013701202602
041205013707202602
041205014501202602
041205014507202602
041205015301202602
041205015307202602
041205016101202602
041205016107202602
041301001501202602
041301001507202602
041301006601202602
041301008201202602
041301008207202602
041301009001202602
041301009007202602
041303001601202602
041303001607202602
041303001609202602
041303002401202602
041303002407202602
041303002409202602
041303003201202602
041303003209202602
041303005901202602
041303005907202602
041303005909202602
041303006701202602
041303006709202602
041303007501202602
041303007509202602
041303008301202602
041303008307202602
041303008309202602
041304002001202602
041304002007202602
041304003801202602
041304004601202602
041304005401202602
041304005409202602
041304006201202602
041304006209202602
041304007001202602
041304007009202602
041304008901202602
041304008909202602
041304009701202602
041304009707202602
041304010001202602
041304010007202602
041304011901202602
041304011907202602
041304011909202602
041304012701202602
041304012707202602
041304012709202602
041304013501202602
041304013507202602
041304013509202602
041304014301202602
041304014307202602
041304014309202602
041304015101202602
041304015107202602
041304015109202602
041304016001202602
041304016007202602
041304017801202602
041304017807202602
041304018601202602
041304018607202602
041304018609202602
041304019401202602
041304019407202602
041304019409202602
041304020801202602
041304020807202602
041304020809202602
041304021601202602
041304021607202602
041304021609202602
041304022401202602
041304022407202602
041304022409202602
041304023201202602
041304023207202602
041304023209202602
041304024001202602
041304024007202602
041304025901202602
041304025909202602
041304026701202602
041401002701202602
041401003501202602
041401025601202602
041401025607202602
041401025609202602
041401027201202602
041401027207202602
041401027209202602
041401032901202602
041401032907202602
041401032909202602
041401034501202602
041401034507202602
041401034509202602
041402002201202602
041402002203202602
041402002207202602
041402002209202602
041402003001202602
041402003003202602
041402003007202602
041402003009202602
041402004901202602
041402004903202602
041402004907202602
041402004909202602
041402005701202602
041402005703202602
041402005707202602
041402005709202602
041402006501202602
041402006503202602
041402006507202602
041402006509202602
041402007301202602
041402007303202602
041402007307202602
041402007309202602
041402008101202602
041402008103202602
041402008107202602
041402008109202602
041402009001202602
041402009003202602
041402009007202602
041402009009202602
041402014601202602
041402014603202602
041402014607202602
041402014609202602
041402015401202602
041402015403202602
041402015407202602
041402015409202602
041402016201202602
041402016203202602
041402016207202602
041402016209202602
041402020001202602
041402020003202602
041402020007202602
041402020009202602
041402021901202602
041402021903202602
041402021907202602
041402021909202602
041402024301202602
041402024303202602
041402024307202602
041402024309202602
041402027801202602
041402027803202602
041402027807202602
041402027809202602
041402029401202602
041402029403202602
041402029407202602
041402029409202602
041402036701202602
041402036703202602
041402036707202602
041402036709202602
041402037501202602
041402037503202602
041402037507202602
041402037509202602
041402041301202602
041402041303202602
041402041307202602
041402041309202602
041501001201202602
041501001207202602
041502001801202602
041502003401202602
041502003407202602
041502004201202602
041502004207202602
041502005001202602
041502005007202602
041502006901202602
041502006907202602
041502007701202602
041502007707202602
041502008501202602
041503001301202602
041503001307202602
041504002701202602
041504002707202602
041504003501202602
041504003507202602
041601001601202602
041601001607202602
041601002401202602
041601002407202602
041601004001202602
041601004007202602
041601007501202602
041601007507202602
041601009101202602
041601009107202602
041601011301202602
041601011307202602
041601011309202602
041601012101202602
041601013001202602
041601016401202602
041601016407202602
041601017201202602
041601017207202602
041601017209202602
041601018001202602
041601018007202602
041601019901202602
041601019907202602
041601020201202602
041601020207202602
041601021001202602
041601021007202602
041601022901202602
041601022907202602
041602002001202602
041602002007202602
041602015101202602
041602015107202602
041602016001202602
041602016007202602
041602017801202602
041602017807202602
041602017809202602
041602018601202602
041602018607202602
041602018609202602
041602019401202602
041602019407202602
041602020801202602
041602020807202602
041602021601202602
041602021607202602
041602021609202602
041602022401202602
041602022407202602
041602023201202602
041602023207202602
041602024001202602
041602024007202602
041602024009202602
041602025901202602
041602025907202602
041603002501202602
041603002507202602
041603002509202602
041603003301202602
041603003307202602
041603003309202602
041603004101202602
041603004107202602
041603004109202602
041603006801202602
041603006807202602
041603007601202602
041603008401202602
041603008407202602
041603009201202602
041603009207202602
041603014901202602
041603014907202602
041603014909202602
041603015701202602
041603015707202602
041603015709202602
041603016501202602
041603016507202602
041603017301202602
041603017307202602
041603018101202602
041603018107202602
041603019001202602
041603020301202602
041603020307202602
041603021101202602
041603021107202602
041603022001202602
041603022007202602
041603023801202602
041603023807202602
041603024601202602
041603024607202602
041603025401202602
041603026201202602
041603027001202602
041603027007202602
041603028901202602
041603029701202602
041603030001202602
041603030007202602
041603031901202602
041603031907202602
041603032701202602
041603032707202602
041603032709202602
041603033501202602
041603033507202602
041603033509202602
041603034301202602
041603034307202602
041603035101202602
041603035107202602
041603035109202602
041603036001202602
041603036007202602
041604001201202602
041604001207202602
041604002001202602
041604002007202602
041604003901202602
041604003907202602
041604004701202602
041604004707202602
041604005501202602
041604005507202602
041604007101202602
041604007107202602
041604010101202602
041604010107202602
041604011001202602
041604011007202602
041604012801202602
041604012807202602
041604014401202602
041604014407202602
041604017901202602
041604017909202602
041604018701202602
041604018709202602
041604019501202602
041604019509202602
041604020901202602
041604020907202602
041604021701202602
041604021707202602
041604022501202602
041604022507202602
041604023301202602
041604023307202602
041604024101202602
041604024107202602
041604025001202602
041604025007202602
041604026801202602
041604026807202602
041604027601202602
041604027607202602
041604028401202602
041604029201202602
041604030601202602
041604031401202602
041604031407202602
041604032201202602
041604032207202602
041604033001202602
041604033007202602
041604034901202602
041604034907202602
041605001801202602
041605001807202602
041605002601202602
041605002607202602
041605003401202602
041605003407202602
041605005001202602
041605005007202602
041605007701202602
041605007707202602
041605009301202602
041605009307202602
041605010701202602
041605010707202602
041605011501202602
041605011507202602
041605012301202602
041605012307202602
041606001301202602
041606001307202602
041606001309202602
041606002101202602
041606002107202602
041606003001202602
041606003007202602
041606005601202602
041606005607202602
041606006401202602
041606006407202602
041606008001202602
041606008007202602
041606009901202602
041606009907202602
041606010201202602
041606010207202602
041606011001202602
041606011007202602
041606012901202602
041606012907202602
041606013701202602
041606013707202602
041608001401202602
041608001407202602
041608001409202602
041608003001202602
041608003007202602
041608003009202602
041608008101202602
041608008107202602
041608009001202602
041608009007202602
041608011101202602
041608011107202602
041608012001202602
041608012007202602
041608012009202602
041609001001202602
041609001007202602
041609002801202602
041609002807202602
041609003601202602
041609003607202602
041609007901202602
041609007907202602
041609010901202602
041609010907202602
041609011701202602
041609011707202602
041609012501202602
041609012507202602
041609013301202602
041609013307202602
041611001001202602
041611001007202602
041611002901202602
041611002907202602
041611003701202602
041611003707202602
041611004501202602
041611004507202602
041611005301202602
041611005307202602
041611006101202602
041611006107202602
041611007001202602
041611007007202602
041611008801202602
041611008807202602
041612002401202602
041612003201202602
041612004001202602
041612004009202602
041612005901202602
041612005909202602
050103006901202602
050103006903202602
050103006907202602
050201001075202602
050201001076202602
050201001078202602
050201001079202602
050201002978202602
050201002979202602
050201002980202602
050201002981202602
050201002982202602
050301001401202602
050301001403202602
050301001475202602
050301001476202602
050301001478202602
050301001479202602
050301001480202602
050301001481202602
050301001482202602
050301002201202602
050301002275202602
050301002276202602
050301002278202602
050301002279202602
050301002280202602
050301002281202602
050301002282202602
050302001001202602
050302002801202602
050303001575202602
050303001576202602
050303001578202602
050303001579202602
050303001580202602
050303001581202602
050303001582202602
050303002301202602
050303002375202602
050303002376202602
050303002378202602
050303002379202602
050303002380202602
050303002381202602
050303002382202602
050303003101202602
050303003175202602
050303003176202602
050303003178202602
050303003179202602
050303003180202602
050303003181202602
050303003182202602
050303004001202602
050303004075202602
050303004076202602
050303004078202602
050303004080202602
050303004081202602
050303004082202602
050303005801202602
050303005875202602
050303005876202602
050303005878202602
050303005879202602
050303005880202602
050303005881202602
050303005882202602
050303006601202602
050303006675202602
050303006676202602
050303006678202602
050303006679202602
050303006680202602
050303006681202602
050303006682202602
050303007401202602
050303007475202602
050303007476202602
050303007478202602
050303007479202602
050303007480202602
050303007481202602
050303007482202602
050303008201202602
050303008275202602
050303008276202602
050303008278202602
050303008279202602
050303008280202602
050303008281202602
050303008282202602
050303009001202602
050303009075202602
050303009076202602
050303009078202602
050303009079202602
050303009080202602
050303009081202602
050303009082202602
050303010401202602
050303010475202602
050303010476202602
050303010478202602
050303010479202602
050303010480202602
050303010481202602
050303010482202602
050304004575202602
050304004576202602
050304004578202602
050304004579202602
050304004580202602
050304004581202602
050304004582202602
050501001103202602
050501001107202602
050501002003202602
050501002007202602
050501003803202602
050501003807202602
050501004603202602
050501004607202602
050501005403202602
050501005407202602
050501006203202602
050501006207202602
050501007003202602
050501007007202602
050501008903202602
050501008907202602
050501009701202602
050501009707202602
050501009709202602
050501012701202602
050501012707202602
050501012709202602
050501013501202602
050501013507202602
050501013509202602
050501014309202602
050502004101202602
050502004107202602
050502005001202602
050502005007202602
050502006801202602
050502007601202602
050502008401202602
050502009201202602
050502010601202602
050502012201202602
050502014901202602
050602001012202602
050602002912202602
050602003712202602
050602004503202602
050602004507202602
050602004509202602
050602004512202602
050602005301202602
050602005303202602
050602005307202602
050602006101202602
050602006103202602
050602006107202602
050602007001202602
050602007003202602
050602007007202602
050602009601202602
050602009603202602
050602009607202602
050602010001202602
050602010003202602
050602010007202602
050602011801202602
050602011803202602
050602011807202602
050602013401202602
050602013403202602
050602013407202602
070209005001202602
070209005007202602
070209006901202602
070209006907202602
080201006765202602
080201007579202602
080201008375202602
080201009176202602
080201011383202602
080201012181202602
080201013082202602
080201015678202602
080201016480202602
080201021085202602
080201022986202602
080201023792202602
080201024593202602
080201025387202602
080201026187202602
080201027087202602
080201028894202602
080201032696202602
080201036995202602
